default
{
"1-2-55":(-1,0,(210,-180,4.2),(40,-200,1),(360,-200,-2.2)),
"16-44-55":(-1,0,(210,-180,4.2),(40,-200,1),(360,-200,-2.2)),
"22-55":(-1,0,(210,-180,4.2),(40,-200,1),(360,-200,-2.2)),
"1-5":(-1,0,(210,-180,4.2),(40,-200,1),(360,-200,-2.2)),
"2-3-21":(-1,0,(210,-180,4.2),(40,-200,1),(360,-200,-2.2)),
"3-4-23-24":(-1,0,(210,-180,4.2),(40,-200,1),(360,-200,-2.2)),
"4-51":(-1,0,(210,-180,4.2),(40,-200,1),(360,-200,-2.2)),
"5-6-43-44":(-1,0,(210,-180,4.2),(40,-200,1),(360,-200,-2.2)),
"6-7-10-11":(-1,0,(210,-180,4.2),(40,-200,1),(360,-200,-2.2)),
"7-8-25-26":(-1,0,(210,-180,4.2),(40,-200,1),(360,-200,-2.2)),
"8-33-54":(-1,0,(210,-180,4.2),(40,-200,1),(360,-200,-2.2)),
"9-10-15-16":(-1,0,(210,-180,4.2),(40,-200,1),(360,-200,-2.2)),
"9-17-21":(-1,0,(210,-180,4.2),(40,-200,1),(360,-200,-2.2)),
"11-12-40-41":(-1,0,(210,-180,4.2),(40,-200,1),(360,-200,-2.2)),
"12-37":(-1,0,(210,-180,4.2),(40,-200,1),(360,-200,-2.2)),
"13-29-32":(-1,0,(210,-180,4.2),(40,-200,1),(360,-200,-2.2)),
"13-14-53-54":(-1,0,(210,-180,4.2),(40,-200,1),(360,-200,-2.2)),
"14-15-26-27":(-1,0,(210,-180,4.2),(40,-200,1),(360,-200,-2.2)),
"17-18-27-28":(-1,0,(360,-180,4.2),(360,-200,-2.2)),
"18-19-52-53":(-1,0,(210,-180,4.2),(40,-200,1),(360,-200,-2.2)),
"19-20-29-30":(-1,0,(210,-180,4.2),(40,-200,1),(360,-200,-2.2)),
"20-34":(-1,0,(210,-180,4.2),(40,-200,1),(360,-200,-2.2)),
"22-24":(-1,0,(210,-180,4.2),(40,-200,1),(360,-200,-2.2)),
"23-28-50":(-1,0,(210,-180,4.2),(40,-200,1),(360,-200,-2.2)),
"25-39-41":(-1,0,(210,-180,4.2),(40,-200,1),(360,-200,-2.2)),
"30-49":(-1,0,(210,-180,4.2),(40,-200,1),(360,-200,-2.2)),
"31-32-34-35":(-1,0,(210,-180,4.2),(40,-200,1),(360,-200,-2.2)),
"31-46":(-1,0,(210,-180,4.2),(40,-200,1),(360,-200,-2.2)),
"33-35-36":(-1,0,(210,-180,4.2),(40,-200,1),(360,-200,-2.2)),
"36-37-38-39":(-1,0,(210,-180,4.2),(40,-200,1),(360,-200,-2.2)),
"38-46":(-1,0,(210,-180,4.2),(40,-200,1),(360,-200,-2.2)),
"40-43":(-1,0,(210,-180,4.2),(40,-200,1),(360,-200,-2.2)),
"49-50-51-52":(-1,0,(210,-180,4.2),(40,-200,1),(360,-200,-2.2))
}

Offset levels 1-3: -2.2, 1, 4.2 mm 

test 1
{
"1-2-55":(-1,0,(360,-200,1)),
"16-44-55":(-1,0,(360,-200,1)),
"22-55":(-1,0,(360,-180,1)),
"1-5":(-1,0),
"2-3-21":(-1,0),
"3-4-23-24":(-1,0,(36,-200,1)),
"4-51":(-1,0),
"5-6-43-44":(-1,0),
"6-7-10-11":(-1,0,(360,-200,1),(360,-200,4.2)),
"7-8-25-26":(-1,0,(360,-180,4.2),(360,-200,1)),
"8-33-54":(-1,0,(90,-113,4.2),(90,113,4.2)), # split same level
"9-10-15-16":(-1,0,(360,-180,4.2),(360,-200,1)),
"9-17-21":(-1,0),
"11-12-40-41":(-1,0,(360,-180,4.2)),
"12-37":(-1,0,(360,-180,1)),
"13-29-32":(-1,0,(360,-180,4.2),(360,-200,1),(360,-200,-2.2)),
"13-14-53-54":(-1,0,(360,-180,4.2),(360,-200,1)),
"14-15-26-27":(-1,0,(100,-185,4.2),(100,-5,4.2)), # split same level
"17-18-27-28":(-1,0,(360,-180,4.2),(360,-200,-2.2)),
"18-19-52-53":(-1,0,(360,-200,1),(360,-200,4.2)),
"19-20-29-30":(-1,0,(360,-180,4.2)),
"20-34":(-1,0,(360,-180,1)),
"22-24":(-1,0,(360,-180,4.2)),
"23-28-50":(-1,0,(360,-200,1)),
"25-39-41":(-1,0,(360,-180,4.2),(360,-200,1),(360,-200,-2.2)),
"30-49":(-1,0),
"31-32-34-35":(-1,0,(360,-180,4.2),(360,-200,1),(360,-200,-2.2)),
"31-46":(-1,0),
"33-35-36":(-1,0),
"36-37-38-39":(-1,0),
"38-46":(-1,0),
"40-43":(-1,0),
"49-50-51-52":(-1,0)
}
# Copy and paste to default_node_connections in curve_net

